# chi2 | a0 | ... | a0
6.549385e-01 1.756537e-01
5.882836e-01 7.449194e-02
5.787486e-01 5.425960e-02
6.647854e-01 1.958860e-01
6.365530e-01 1.554213e-01
5.965806e-01 9.472428e-02
6.072021e-01 1.149566e-01
6.205592e-01 1.351890e-01
6.067102e-01 3.402725e-02
6.781167e-01 2.161183e-01
1.000000e+03 3.358331e-01
1.000000e+03 -2.575477e-01
1.000000e+03 -5.975413e-02
6.241490e-01 1.380395e-01
6.736870e-01 2.039707e-01
1.000000e+03 -1.256853e-01
7.112372e-01 2.699019e-01
1.000000e+03 -1.916165e-01
1.000000e+03 6.177069e-03
5.857112e-01 7.210827e-02
6.548060e-01 1.759588e-01
1.000000e+03 -6.635916e-02
6.274295e-01 1.413420e-01
1.000000e+03 -3.174230e-02
6.737531e-01 2.105757e-01
1.000000e+03 -1.009760e-01
1.000000e+03 2.874554e-03
6.019905e-01 1.067251e-01
5.857101e-01 7.210827e-02
5.992701e-01 3.749141e-02
1.000000e+03 -1.865128e-02
6.299668e-01 1.447159e-01
5.858048e-01 7.210827e-02
5.788312e-01 5.395636e-02
6.141082e-01 1.265640e-01
1.000000e+03 -4.993717e-04
6.036496e-01 3.580445e-02
5.951114e-01 9.026018e-02
9.125806e-01 1.765254e-02
6.022096e-01 1.084121e-01
1.000000e+03 -5.069547e-02
1.000000e+03 -8.725331e-02
1.000000e+03 -1.238111e-01
1.000000e+03 -1.603690e-01
1.000000e+03 -1.969268e-01
1.000000e+03 -2.334846e-01
1.000000e+03 -2.700425e-01
