# chi2 | a0 | a1 | ...
0.707 0.580 0.608
0.469 0.481 0.487
0.436 0.370 0.547
0.111 0.333 0.011
1.765 0.935 0.944
0.048 0.159 0.151
0.722 0.356 0.771
0.799 0.390 0.804
1.104 0.711 0.773
1.317 0.849 0.772
1.145 0.943 0.506
0.036 0.110 0.154
0.728 0.672 0.526
0.921 0.011 0.960
0.157 0.320 0.235
0.412 0.077 0.637
0.768 0.825 0.295
1.076 0.305 0.992
0.157 0.306 0.251
1.072 0.430 0.942
0.513 0.213 0.684
1.631 0.951 0.852
0.059 0.226 0.088
0.463 0.388 0.558
0.293 0.177 0.512
0.118 0.280 0.198
0.106 0.164 0.281
0.374 0.599 0.124
0.991 0.393 0.915
0.123 0.349 0.040
0.754 0.301 0.815
1.049 0.927 0.435
0.767 0.870 0.101
1.083 0.897 0.529
1.205 0.980 0.495
0.893 0.296 0.898
0.897 0.311 0.894
0.196 0.399 0.191
0.622 0.002 0.789
1.039 0.836 0.583
0.198 0.442 0.054
1.193 0.655 0.874
0.033 0.078 0.165
0.477 0.133 0.677
0.260 0.483 0.165
0.243 0.473 0.140
1.272 0.767 0.827
1.578 0.841 0.933
1.807 0.905 0.994
0.868 0.824 0.434
1.252 0.902 0.662
0.886 0.348 0.875
0.391 0.495 0.382
0.080 0.011 0.282
0.040 0.088 0.181
0.511 0.058 0.713
1.105 0.983 0.372
0.770 0.821 0.310
0.391 0.582 0.230
0.407 0.547 0.329
0.348 0.580 0.107
1.536 0.742 0.993
0.821 0.576 0.699
0.714 0.778 0.330
0.555 0.230 0.709
0.672 0.773 0.274
1.580 0.785 0.982
0.981 0.929 0.344
0.893 0.370 0.869
0.495 0.206 0.673
0.451 0.297 0.603
1.293 0.947 0.629
0.898 0.190 0.928
1.518 0.836 0.905
0.970 0.922 0.347
0.202 0.139 0.427
0.153 0.116 0.374
0.058 0.201 0.133
0.790 0.798 0.391
1.460 0.982 0.704
0.528 0.601 0.408
0.651 0.520 0.617
0.184 0.397 0.161
0.597 0.328 0.700
0.388 0.587 0.210
0.856 0.290 0.878
1.176 0.572 0.921
0.033 0.022 0.180
0.629 0.083 0.788
0.171 0.266 0.316
0.800 0.342 0.826
1.332 0.629 0.968
1.171 0.929 0.554
1.436 0.827 0.867
0.267 0.381 0.349
0.091 0.293 0.070
0.340 0.448 0.374
0.265 0.199 0.475
0.602 0.769 0.106
0.689 0.408 0.723
